# This file may be used to create an environment using:
# $ conda create --name <env> --file <this file>
# platform: win-64
altgraph=0.17.4=pypi_0
auto-py-to-exe=2.44.1=pypi_0
autopep8=2.3.1=pypi_0
beautifulsoup4=4.12.3=pyha770c72_0
bottle=0.12.25=pypi_0
bottle-websocket=0.2.9=pypi_0
brotli-python=1.1.0=py312h53d5487_1
bzip2=1.0.8=h2466b09_7
ca-certificates=2024.7.4=h56e8100_0
certifi=2024.7.4=py312haa95532_0
cffi=1.16.0=py312he70551f_0
charset-normalizer=3.3.2=pyhd8ed1ab_0
colorama=0.4.6=pyhd8ed1ab_0
eel=0.17.0=pypi_0
filelock=3.15.4=pyhd8ed1ab_0
future=1.0.0=pypi_0
gdown=5.2.0=pyhd8ed1ab_0
gevent=24.2.1=pypi_0
gevent-websocket=0.10.1=pypi_0
greenlet=3.0.3=pypi_0
h2=4.1.0=pyhd8ed1ab_0
hpack=4.0.0=pyh9f0ad1d_0
hyperframe=6.0.1=pyhd8ed1ab_0
idna=3.7=pyhd8ed1ab_0
libexpat=2.6.2=h63175ca_0
libffi=3.4.2=h8ffe710_5
libsqlite=3.46.0=h2466b09_0
libzlib=1.3.1=h2466b09_1
openssl=3.3.1=h2466b09_2
packaging=24.1=pypi_0
pefile=2023.2.7=pypi_0
pip=24.2=pyhd8ed1ab_0
playsound=1.3.0=pyhd8ed1ab_0
pycodestyle=2.12.0=pypi_0
pycparser=2.22=pyhd8ed1ab_0
pyinstaller=6.9.0=pypi_0
pyinstaller-hooks-contrib=2024.7=pypi_0
pyparsing=3.1.2=pypi_0
pysocks=1.7.1=pyh0701188_6
python=3.12.4=h889d299_0_cpython
python_abi=3.12=4_cp312
pywin32-ctypes=0.2.2=pypi_0
requests=2.32.3=pyhd8ed1ab_0
setuptools=72.1.0=pyhd8ed1ab_0
soupsieve=2.5=pyhd8ed1ab_1
threaded=4.2.0=pypi_0
tk=8.6.13=h5226925_1
tqdm=4.66.4=pyhd8ed1ab_0
tzdata=2024a=h0c530f3_0
ucrt=10.0.22621.0=h57928b3_0
urllib3=2.2.2=pyhd8ed1ab_1
vc=14.3=h8a93ad2_20
vc14_runtime=14.40.33810=ha82c5b3_20
vs2015_runtime=14.40.33810=h3bf8584_20
wheel=0.43.0=pyhd8ed1ab_1
whichcraft=0.6.1=pypi_0
win_inet_pton=1.1.0=pyhd8ed1ab_6
xz=5.2.6=h8d14728_0
zope-event=5.0=pypi_0
zope-interface=6.4.post2=pypi_0
zstandard=0.23.0=py312h7606c53_0
zstd=1.5.6=h0ea2cb4_0
